5 6
23 46
298 648
2 3
155 77
12 456
46 7
156 974
168 987
123 756
243 8564
12 999
125 846
739 948
47 849
74 749
47 49
0 1
3885 88
759 950
548 49
749 95
749 950
7400 88
756 99
534 957
7495 957
77 756
538 88
645 867
243 7
5 6
23 46
298 648
2 3
155 77
12 456
46 7
156 974
168 987
123 756
243 8564
12 999
125 846
739 948
47 849
74 749
47 49
0 1
3885 88
759 950
548 49
749 95
749 950
7400 88
756 99
534 957
7495 957
77 756
538 88
645 867
243 7
5 6
23 46
298 648
2 3
155 77
12 456
46 7
156 974
168 987
123 756
243 8564
12 999
125 846
739 948
47 849
74 749
47 49
0 1
3885 88
759 950
548 49
749 95
749 950
7400 88
756 99
534 957
7495 957
77 756
538 88
645 867
243 7
5 6
23 46
298 648
2 3
155 77
12 456
46 7
156 974
168 987
123 756
243 8564
12 999
125 846
739 948
47 849
74 749
47 49
0 1
3885 88
759 950
548 49
749 95
749 950
7400 88
756 99
534 957
7495 957
77 756
538 88
645 867
243 7
5 6
23 46
298 648
2 3
155 77
12 456
46 7
156 974
168 987
123 756
243 8564
12 999
125 846
739 948
47 849
74 749
47 49
0 1
3885 88
759 950
548 49
749 95
749 950
7400 88
756 99
534 957
7495 957
77 756
538 88
645 867
243 7
5 6
23 46
298 648
2 3
155 77
12 456
46 7
156 974
168 987
123 756
243 8564
12 999
125 846
739 948
47 849
74 749
47 49
0 1
3885 88
759 950
548 49
749 95
749 950
7400 88
756 99
534 957
7495 957
77 756
538 88
645 867
243 7
5 6
23 46
298 648
2 3
155 77
12 456
46 7
156 974
168 987
123 756
243 8564
12 999
125 846
739 948
47 849
74 749
47 49
0 1
3885 88
759 950
548 49
749 95
749 950
7400 88
756 99
534 957
7495 957
77 756
538 88
645 867
243 7
5 6
23 46
298 648
2 3
155 77
12 456
46 7
156 974
168 987
123 756
243 8564
12 999
125 846
739 948
47 849
74 749
47 49
0 1
3885 88
759 950
548 49
749 95
749 950
7400 88
756 99
534 957
7495 957
77 756
538 88
645 867
243 7
5 6
23 46
298 648
2 3
155 77
12 456
46 7
156 974
168 987
123 756
243 8564
12 999
125 846
739 948
47 849
74 749
47 49
0 1
3885 88
759 950
548 49
749 95
749 950
7400 88
756 99
534 957
7495 957
77 756
538 88
645 867
243 7
5 6
23 46
298 648
2 3
155 77
12 456
46 7
156 974
168 987
123 756
243 8564
12 999
125 846
739 948
47 849
74 749
47 49
0 1
3885 88
759 950
548 49
749 95
749 950
7400 88
756 99
534 957
7495 957
77 756
538 88
645 867
243 7
5 6
23 46
298 648
2 3
155 77
12 456
46 7
156 974
168 987
123 756
243 8564
12 999
125 846
739 948
47 849
74 749
47 49
0 1
3885 88
759 950
548 49
749 95
749 950
7400 88
756 99
534 957
7495 957
77 756
538 88
645 867
243 7
5 6
23 46
298 648
2 3
155 77
12 456
46 7
156 974
168 987
123 756
243 8564
12 999
125 846
739 948
47 849
74 749
47 49
0 1
3885 88
759 950
548 49
749 95
749 950
7400 88
756 99
534 957
7495 957
77 756
538 88
645 867
243 7
5 6
23 46
298 648
2 3
155 77
12 456
46 7
156 974
168 987
123 756
243 8564
12 999
125 846
739 948
47 849
74 749
47 49
0 1
3885 88
759 950
548 49
749 95
749 950
7400 88
756 99
534 957
7495 957
77 756
538 88
645 867
243 7
5 6
23 46
298 648
2 3
155 77
12 456
46 7
156 974
168 987
123 756
243 8564
12 999
125 846
739 948
47 849
74 749
47 49
0 1
3885 88
759 950
548 49
749 95
749 950
7400 88
756 99
534 957
7495 957
77 756
538 88
645 867
243 7
5 6
23 46
298 648
2 3
155 77
12 456
46 7
156 974
168 987
123 756
243 8564
12 999
125 846
739 948
47 849
74 749
47 49
0 1
3885 88
759 950
548 49
749 95
749 950
7400 88
756 99
534 957
7495 957
77 756
538 88
645 867
243 7
5 6
23 46
298 648
2 3
155 77
12 456
46 7
156 974
168 987
123 756
243 8564
12 999
125 846
739 948
47 849
74 749
47 49
0 1
3885 88
759 950
548 49
749 95
749 950
7400 88
756 99
534 957
7495 957
77 756
538 88
645 867
243 7
5 6
23 46
298 648
2 3
155 77
12 456
46 7
156 974
168 987
123 756
243 8564
12 999
125 846
739 948
47 849
74 749
47 49
0 1
3885 88
759 950
548 49
749 95
749 950
7400 88
756 99
534 957
7495 957
77 756
538 88
645 867
243 7
5 6
23 46
298 648
2 3
155 77
12 456
46 7
156 974
168 987
123 756
243 8564
12 999
125 846
739 948
47 849
74 749
47 49
0 1
3885 88
759 950
548 49
749 95
749 950
7400 88
756 99
534 957
7495 957
77 756
538 88
645 867
243 7
5 6
23 46
298 648
2 3
155 77
12 456
46 7
156 974
168 987
123 756
243 8564
12 999
125 846
739 948
47 849
74 749
47 49
0 1
3885 88
759 950
548 49
749 95
749 950
7400 88
756 99
534 957
7495 957
77 756
538 88
645 867
243 7
5 6
23 46
298 648
2 3
155 77
12 456
46 7
156 974
168 987
123 756
243 8564
12 999
125 846
739 948
47 849
74 749
47 49
0 1
3885 88
759 950
548 49
749 95
749 950
7400 88
756 99
534 957
7495 957
77 756
538 88
645 867
243 7
5 6
23 46
298 648
2 3
155 77
12 456
46 7
156 974
168 987
123 756
243 8564
12 999
125 846
739 948
47 849
74 749
47 49
0 1
3885 88
759 950
548 49
749 95
749 950
7400 88
756 99
534 957
7495 957
77 756
538 88
645 867
243 7
5 6
23 46
298 648
2 3
155 77
12 456
46 7
156 974
168 987
123 756
243 8564
12 999
125 846
739 948
47 849
74 749
47 49
0 1
3885 88
759 950
548 49
749 95
749 950
7400 88
756 99
534 957
7495 957
77 756
538 88
645 867
243 7
5 6
23 46
298 648
2 3
155 77
12 456
46 7
156 974
168 987
123 756
243 8564
12 999
125 846
739 948
47 849
74 749
47 49
0 1
3885 88
759 950
548 49
749 95
749 950
7400 88
756 99
534 957
7495 957
77 756
538 88
645 867
243 7
5 6
23 46
298 648
2 3
155 77
12 456
46 7
156 974
168 987
123 756
243 8564
12 999
125 846
739 948
47 849
74 749
47 49
0 1
3885 88
759 950
548 49
749 95
749 950
7400 88
756 99
534 957
7495 957
77 756
538 88
645 867
243 7
5 6
23 46
298 648
2 3
155 77
12 456
46 7
156 974
168 987
123 756
243 8564
12 999
125 846
739 948
47 849
74 749
47 49
0 1
3885 88
759 950
548 49
749 95
749 950
7400 88
756 99
534 957
7495 957
77 756
538 88
645 867
243 7
5 6
23 46
298 648
2 3
155 77
12 456
46 7
156 974
168 987
123 756
243 8564
12 999
125 846
739 948
47 849
74 749
47 49
0 1
3885 88
759 950
548 49
749 95
749 950
7400 88
756 99
534 957
7495 957
77 756
538 88
645 867
243 7
5 6
23 46
298 648
2 3
155 77
12 456
46 7
156 974
168 987
123 756
243 8564
12 999
125 846
739 948
47 849
74 749
47 49
0 1
3885 88
759 950
548 49
749 95
749 950
7400 88
756 99
534 957
7495 957
77 756
538 88
645 867
243 7
5 6
23 46
298 648
2 3
155 77
12 456
46 7
156 974
168 987
123 756
243 8564
12 999
125 846
739 948
47 849
74 749
47 49
0 1
3885 88
759 950
548 49
749 95
749 950
7400 88
756 99
534 957
7495 957
77 756
538 88
645 867
243 7
5 6
23 46
298 648
2 3
155 77
12 456
46 7
156 974
168 987
123 756
243 8564
12 999
125 846
739 948
47 849
74 749
47 49
0 1
3885 88
759 950
548 49
749 95
749 950
7400 88
756 99
534 957
7495 957
77 756
538 88
645 867
243 7
5 6
23 46
298 648
2 3
155 77
12 456
46 7
156 974
168 987
123 756
243 8564
12 999
125 846
739 948
47 849
74 749
47 49
0 1
3885 88
759 950
548 49
749 95
749 950
7400 88
756 99
534 957
7495 957
77 756
538 88
645 867
243 7
5 6
23 46
298 648
2 3
155 77
12 456
46 7
156 974
168 987
123 756
243 8564
12 999
125 846
739 948
47 849
74 749
47 49
0 1
3885 88
759 950
548 49
749 95
749 950
7400 88
756 99
534 957
7495 957
77 756
538 88
645 867
243 7
5 6
23 46
298 648
2 3
155 77
12 456
46 7
156 974
168 987
123 756
243 8564
12 999
125 846
739 948
47 849
74 749
47 49
0 1
3885 88
759 950
548 49
749 95
749 950
7400 88
756 99
534 957
7495 957
77 756
538 88
645 867
243 7
5 6
23 46
298 648
2 3
155 77
12 456
46 7
156 974
168 987
123 756
243 8564
12 999
125 846
739 948
47 849
74 749
47 49
0 1
3885 88
759 950
548 49
749 95
749 950
7400 88
756 99
534 957
7495 957
77 756
538 88
645 867
243 7
5 6
23 46
298 648
2 3
155 77
12 456
46 7
156 974
168 987
123 756
243 8564
12 999
125 846
739 948
47 849
74 749
47 49
0 1
3885 88
759 950
548 49
749 95
749 950
7400 88
756 99
534 957
7495 957
77 756
538 88
645 867
243 7
5 6
23 46
298 648
2 3
155 77
12 456
46 7
156 974
168 987
123 756
243 8564
12 999
125 846
739 948
47 849
74 749
47 49
0 1
3885 88
759 950
548 49
749 95
749 950
7400 88
756 99
534 957
7495 957
77 756
538 88
645 867
243 7
 
  
  
  
  
 